(kicad_pcb (version 20171130) (host pcbnew "(5.1.10)-1")

  (general
    (thickness 1.6)
    (drawings 4)
    (tracks 67)
    (zones 0)
    (modules 43)
    (nets 48)
  )

  (page A4)
  (layers
    (0 F.Cu signal)
    (31 B.Cu signal)
    (32 B.Adhes user)
    (33 F.Adhes user)
    (34 B.Paste user)
    (35 F.Paste user)
    (36 B.SilkS user)
    (37 F.SilkS user)
    (38 B.Mask user)
    (39 F.Mask user)
    (40 Dwgs.User user)
    (41 Cmts.User user)
    (42 Eco1.User user)
    (43 Eco2.User user)
    (44 Edge.Cuts user)
    (45 Margin user)
    (46 B.CrtYd user)
    (47 F.CrtYd user)
    (48 B.Fab user)
    (49 F.Fab user)
  )

  (setup
    (last_trace_width 0.25)
    (user_trace_width 0.5)
    (user_trace_width 1)
    (user_trace_width 2)
    (user_trace_width 2.5)
    (user_trace_width 3)
    (trace_clearance 0.2)
    (zone_clearance 0.508)
    (zone_45_only no)
    (trace_min 0.2)
    (via_size 0.8)
    (via_drill 0.4)
    (via_min_size 0.4)
    (via_min_drill 0.3)
    (uvia_size 0.3)
    (uvia_drill 0.1)
    (uvias_allowed no)
    (uvia_min_size 0.2)
    (uvia_min_drill 0.1)
    (edge_width 0.05)
    (segment_width 0.2)
    (pcb_text_width 0.3)
    (pcb_text_size 1.5 1.5)
    (mod_edge_width 0.12)
    (mod_text_size 1 1)
    (mod_text_width 0.15)
    (pad_size 1.524 1.524)
    (pad_drill 0.762)
    (pad_to_mask_clearance 0)
    (aux_axis_origin 0 0)
    (visible_elements 7FFFFFFF)
    (pcbplotparams
      (layerselection 0x010fc_ffffffff)
      (usegerberextensions false)
      (usegerberattributes true)
      (usegerberadvancedattributes true)
      (creategerberjobfile true)
      (excludeedgelayer true)
      (linewidth 0.100000)
      (plotframeref false)
      (viasonmask false)
      (mode 1)
      (useauxorigin false)
      (hpglpennumber 1)
      (hpglpenspeed 20)
      (hpglpendiameter 15.000000)
      (psnegative false)
      (psa4output false)
      (plotreference true)
      (plotvalue true)
      (plotinvisibletext false)
      (padsonsilk false)
      (subtractmaskfromsilk false)
      (outputformat 1)
      (mirror false)
      (drillshape 1)
      (scaleselection 1)
      (outputdirectory ""))
  )

  (net 0 "")
  (net 1 GND)
  (net 2 /USB+)
  (net 3 /USB-)
  (net 4 "Net-(C3-Pad1)")
  (net 5 +3V3)
  (net 6 "Net-(C5-Pad2)")
  (net 7 "Net-(C6-Pad2)")
  (net 8 "Net-(C8-Pad1)")
  (net 9 "Net-(C11-Pad1)")
  (net 10 VCC)
  (net 11 /~RST)
  (net 12 /MS)
  (net 13 "Net-(D1-Pad2)")
  (net 14 +5V)
  (net 15 /~RST_MOTOR)
  (net 16 "Net-(D6-Pad1)")
  (net 17 /LED_STATUS)
  (net 18 /ERR_MOTOR)
  (net 19 "Net-(D7-Pad1)")
  (net 20 "Net-(J1-PadB5)")
  (net 21 "Net-(J1-PadA5)")
  (net 22 /SWDIO)
  (net 23 /SWCLK)
  (net 24 /VCP_TX)
  (net 25 /VCP_RX)
  (net 26 +3.3VP)
  (net 27 "Net-(R3-Pad2)")
  (net 28 "Net-(R4-Pad1)")
  (net 29 /A0)
  (net 30 /A1)
  (net 31 /A2)
  (net 32 /SDA)
  (net 33 /SCL)
  (net 34 /OUTB)
  (net 35 /OUTA)
  (net 36 /~AU)
  (net 37 /IN1)
  (net 38 /IN2)
  (net 39 /ENCODER_A)
  (net 40 /ENCODER_B)
  (net 41 /SEL1)
  (net 42 /INB)
  (net 43 /MS_EN)
  (net 44 /PWM)
  (net 45 /INA)
  (net 46 /SEL0)
  (net 47 "Net-(U4-Pad10)")

  (net_class Default "Ceci est la Netclass par défaut."
    (clearance 0.2)
    (trace_width 0.25)
    (via_dia 0.8)
    (via_drill 0.4)
    (uvia_dia 0.3)
    (uvia_drill 0.1)
    (add_net +3.3VP)
    (add_net +3V3)
    (add_net +5V)
    (add_net /A0)
    (add_net /A1)
    (add_net /A2)
    (add_net /ENCODER_A)
    (add_net /ENCODER_B)
    (add_net /ERR_MOTOR)
    (add_net /IN1)
    (add_net /IN2)
    (add_net /INA)
    (add_net /INB)
    (add_net /LED_STATUS)
    (add_net /MS)
    (add_net /MS_EN)
    (add_net /OUTA)
    (add_net /OUTB)
    (add_net /PWM)
    (add_net /SCL)
    (add_net /SDA)
    (add_net /SEL0)
    (add_net /SEL1)
    (add_net /SWCLK)
    (add_net /SWDIO)
    (add_net /USB+)
    (add_net /USB-)
    (add_net /VCP_RX)
    (add_net /VCP_TX)
    (add_net /~AU)
    (add_net /~RST)
    (add_net /~RST_MOTOR)
    (add_net GND)
    (add_net "Net-(C11-Pad1)")
    (add_net "Net-(C3-Pad1)")
    (add_net "Net-(C5-Pad2)")
    (add_net "Net-(C6-Pad2)")
    (add_net "Net-(C8-Pad1)")
    (add_net "Net-(D1-Pad2)")
    (add_net "Net-(D6-Pad1)")
    (add_net "Net-(D7-Pad1)")
    (add_net "Net-(J1-PadA5)")
    (add_net "Net-(J1-PadB5)")
    (add_net "Net-(R3-Pad2)")
    (add_net "Net-(R4-Pad1)")
    (add_net "Net-(U4-Pad10)")
    (add_net VCC)
  )

  (module Crystal:Crystal_SMD_5032-4Pin_5.0x3.2mm (layer F.Cu) (tedit 638D6027) (tstamp 638D9649)
    (at 36 35.5 270)
    (descr "SMD Crystal SERIES SMD2520/4 http://www.icbase.com/File/PDF/HKC/HKC00061008.pdf, 5.0x3.2mm^2 package")
    (tags "SMD SMT crystal")
    (path /638EE009)
    (attr smd)
    (fp_text reference Y1 (at 0 -2.8 270) (layer F.SilkS)
      (effects (font (size 1 1) (thickness 0.15)))
    )
    (fp_text value "18 MHz" (at 0 2.8 270) (layer F.Fab)
      (effects (font (size 1 1) (thickness 0.15)))
    )
    (fp_line (start -2.3 -1.6) (end 2.3 -1.6) (layer F.Fab) (width 0.1))
    (fp_line (start 2.3 -1.6) (end 2.5 -1.4) (layer F.Fab) (width 0.1))
    (fp_line (start 2.5 -1.4) (end 2.5 1.4) (layer F.Fab) (width 0.1))
    (fp_line (start 2.5 1.4) (end 2.3 1.6) (layer F.Fab) (width 0.1))
    (fp_line (start 2.3 1.6) (end -2.3 1.6) (layer F.Fab) (width 0.1))
    (fp_line (start -2.3 1.6) (end -2.5 1.4) (layer F.Fab) (width 0.1))
    (fp_line (start -2.5 1.4) (end -2.5 -1.4) (layer F.Fab) (width 0.1))
    (fp_line (start -2.5 -1.4) (end -2.3 -1.6) (layer F.Fab) (width 0.1))
    (fp_line (start -2.5 0.6) (end -1.5 1.6) (layer F.Fab) (width 0.1))
    (fp_line (start -2.65 -1.85) (end -2.65 1.85) (layer F.SilkS) (width 0.12))
    (fp_line (start -2.65 1.85) (end 2.65 1.85) (layer F.SilkS) (width 0.12))
    (fp_line (start -2.8 -1.9) (end -2.8 1.9) (layer F.CrtYd) (width 0.05))
    (fp_line (start -2.8 1.9) (end 2.8 1.9) (layer F.CrtYd) (width 0.05))
    (fp_line (start 2.8 1.9) (end 2.8 -1.9) (layer F.CrtYd) (width 0.05))
    (fp_line (start 2.8 -1.9) (end -2.8 -1.9) (layer F.CrtYd) (width 0.05))
    (fp_text user %R (at 0 0 270) (layer F.Fab)
      (effects (font (size 1 1) (thickness 0.15)))
    )
    (pad 1 smd rect (at -1.65 1 270) (size 1.6 1.3) (layers F.Cu F.Paste F.Mask)
      (net 6 "Net-(C5-Pad2)"))
    (pad 2 smd rect (at 1.65 1 270) (size 1.6 1.3) (layers F.Cu F.Paste F.Mask)
      (net 1 GND))
    (pad 3 smd rect (at 1.65 -1 270) (size 1.6 1.3) (layers F.Cu F.Paste F.Mask)
      (net 7 "Net-(C6-Pad2)"))
    (pad 4 smd rect (at -1.65 -1 270) (size 1.6 1.3) (layers F.Cu F.Paste F.Mask)
      (net 1 GND))
    (model ${KISYS3DMOD}/Crystal.3dshapes/Crystal_SMD_5032-4Pin_5.0x3.2mm.wrl
      (at (xyz 0 0 0))
      (scale (xyz 1 1 1))
      (rotate (xyz 0 0 0))
    )
    (model "${LIBELEC}/3D/Components/Download_STP_830030819 (rev1).stp"
      (at (xyz 0 0 0))
      (scale (xyz 1 1 1))
      (rotate (xyz 0 0 0))
    )
  )

  (module ConnectorsEvo:G2-port-extended (layer F.Cu) (tedit 638D5CF9) (tstamp 638DBE58)
    (at 41.59 35.24)
    (path /639618D6)
    (fp_text reference U1 (at 0 16.51) (layer F.SilkS)
      (effects (font (size 1 1) (thickness 0.15)))
    )
    (fp_text value G2-Port_extended (at 0 18) (layer F.Fab)
      (effects (font (size 1 1) (thickness 0.15)))
    )
    (fp_line (start -15.98 10.69) (end -22.12 10.69) (layer F.CrtYd) (width 0.05))
    (fp_line (start 21.59 15.24) (end 21.59 -15.24) (layer Dwgs.User) (width 0.12))
    (fp_line (start -21.59 15.24) (end 21.59 15.24) (layer Dwgs.User) (width 0.12))
    (fp_line (start -21.59 -15.24) (end 21.59 -15.24) (layer Dwgs.User) (width 0.12))
    (fp_line (start 18.691 10.66) (end 18.691 -10.69) (layer F.CrtYd) (width 0.05))
    (fp_line (start 18.221 -10.25) (end 15.561 -10.25) (layer F.SilkS) (width 0.12))
    (fp_line (start 15.561 7.59) (end 15.561 -10.25) (layer F.SilkS) (width 0.12))
    (fp_line (start 18.161 9.495) (end 17.526 10.13) (layer F.Fab) (width 0.1))
    (fp_line (start 18.691 -10.69) (end 15.091 -10.69) (layer F.CrtYd) (width 0.05))
    (fp_line (start 18.221 7.59) (end 18.221 -10.25) (layer F.SilkS) (width 0.12))
    (fp_line (start 15.621 10.13) (end 15.621 -10.19) (layer F.Fab) (width 0.1))
    (fp_line (start 15.091 10.66) (end 18.691 10.66) (layer F.CrtYd) (width 0.05))
    (fp_line (start 15.621 -10.19) (end 18.161 -10.19) (layer F.Fab) (width 0.1))
    (fp_line (start 18.221 10.19) (end 16.891 10.19) (layer F.SilkS) (width 0.12))
    (fp_line (start 18.161 -10.19) (end 18.161 9.495) (layer F.Fab) (width 0.1))
    (fp_line (start 17.526 10.13) (end 15.621 10.13) (layer F.Fab) (width 0.1))
    (fp_line (start 15.091 -10.69) (end 15.091 10.66) (layer F.CrtYd) (width 0.05))
    (fp_line (start 18.221 7.59) (end 15.561 7.59) (layer F.SilkS) (width 0.12))
    (fp_line (start 18.221 8.86) (end 18.221 10.19) (layer F.SilkS) (width 0.12))
    (fp_line (start -21.59 10.19) (end -21.59 -9.495) (layer F.Fab) (width 0.1))
    (fp_line (start -19.05 10.19) (end -21.59 10.19) (layer F.Fab) (width 0.1))
    (fp_line (start -20.955 -10.13) (end -19.05 -10.13) (layer F.Fab) (width 0.1))
    (fp_line (start -21.65 -7.59) (end -19.11 -7.59) (layer F.SilkS) (width 0.12))
    (fp_line (start -21.65 -10.19) (end -20.32 -10.19) (layer F.SilkS) (width 0.12))
    (fp_line (start -22.12 -10.66) (end -22.12 10.69) (layer F.CrtYd) (width 0.05))
    (fp_line (start -21.65 -8.86) (end -21.65 -10.19) (layer F.SilkS) (width 0.12))
    (fp_line (start -15.98 10.69) (end -15.98 -10.66) (layer F.CrtYd) (width 0.05))
    (fp_line (start -15.98 -10.66) (end -22.12 -10.66) (layer F.CrtYd) (width 0.05))
    (fp_line (start -21.59 -9.495) (end -20.955 -10.13) (layer F.Fab) (width 0.1))
    (fp_line (start -21.65 10.25) (end -18.99 10.25) (layer F.SilkS) (width 0.12))
    (fp_line (start -21.65 -7.59) (end -21.65 10.25) (layer F.SilkS) (width 0.12))
    (fp_line (start -21.59 15.24) (end -21.59 -15.24) (layer Dwgs.User) (width 0.12))
    (fp_line (start -16.51 10.19) (end -19.05 10.19) (layer F.Fab) (width 0.1))
    (fp_line (start -19.11 -10.25) (end -16.45 -10.25) (layer F.SilkS) (width 0.12))
    (fp_line (start -19.05 -10.13) (end -16.51 -10.13) (layer F.Fab) (width 0.1))
    (fp_line (start -16.45 -10.25) (end -16.45 10.25) (layer F.SilkS) (width 0.12))
    (fp_line (start -19.11 10.25) (end -16.45 10.25) (layer F.SilkS) (width 0.12))
    (fp_line (start -16.51 -10.13) (end -16.51 10.19) (layer F.Fab) (width 0.1))
    (fp_line (start -19.11 -7.59) (end -19.11 -10.25) (layer F.SilkS) (width 0.12))
    (fp_text user %R (at 16.891 -0.03 270) (layer F.Fab)
      (effects (font (size 1 1) (thickness 0.15)))
    )
    (pad 11 thru_hole oval (at -17.78 -3.78) (size 1.7 1.7) (drill 1) (layers *.Cu *.Mask)
      (net 26 +3.3VP))
    (pad 10 thru_hole oval (at -17.78 -6.32) (size 1.7 1.7) (drill 1) (layers *.Cu *.Mask)
      (net 13 "Net-(D1-Pad2)"))
    (pad 9 thru_hole circle (at -17.78 -8.86) (size 1.7 1.7) (drill 1) (layers *.Cu *.Mask))
    (pad 15 thru_hole oval (at -17.78 6.38) (size 1.7 1.7) (drill 1) (layers *.Cu *.Mask)
      (net 40 /ENCODER_B))
    (pad 14 thru_hole oval (at -17.78 3.84) (size 1.7 1.7) (drill 1) (layers *.Cu *.Mask)
      (net 39 /ENCODER_A))
    (pad 13 thru_hole oval (at -17.78 1.3) (size 1.7 1.7) (drill 1) (layers *.Cu *.Mask)
      (net 38 /IN2))
    (pad 12 thru_hole oval (at -17.78 -1.24) (size 1.7 1.7) (drill 1) (layers *.Cu *.Mask)
      (net 37 /IN1))
    (pad 16 thru_hole oval (at -17.78 8.92) (size 1.7 1.7) (drill 1) (layers *.Cu *.Mask)
      (net 36 /~AU))
    (pad B thru_hole oval (at 16.891 -3.84 180) (size 1.7 1.7) (drill 1) (layers *.Cu *.Mask)
      (net 34 /OUTB))
    (pad B thru_hole oval (at 16.891 -1.3 180) (size 1.7 1.7) (drill 1) (layers *.Cu *.Mask)
      (net 34 /OUTB))
    (pad D thru_hole rect (at 16.891 8.86 180) (size 1.7 1.7) (drill 1) (layers *.Cu *.Mask)
      (net 10 VCC))
    (pad C thru_hole oval (at 16.891 3.78 180) (size 1.7 1.7) (drill 1) (layers *.Cu *.Mask)
      (net 35 /OUTA))
    (pad D thru_hole oval (at 16.891 6.32 180) (size 1.7 1.7) (drill 1) (layers *.Cu *.Mask)
      (net 10 VCC))
    (pad A thru_hole oval (at 16.891 -8.92 180) (size 1.7 1.7) (drill 1) (layers *.Cu *.Mask)
      (net 1 GND))
    (pad A thru_hole oval (at 16.891 -6.38 180) (size 1.7 1.7) (drill 1) (layers *.Cu *.Mask)
      (net 1 GND))
    (pad C thru_hole oval (at 16.891 1.24 180) (size 1.7 1.7) (drill 1) (layers *.Cu *.Mask)
      (net 35 /OUTA))
    (pad 4 thru_hole oval (at -20.32 -1.24) (size 1.7 1.7) (drill 1) (layers *.Cu *.Mask))
    (pad 8 thru_hole oval (at -20.32 8.92) (size 1.7 1.7) (drill 1) (layers *.Cu *.Mask)
      (net 33 /SCL))
    (pad 5 thru_hole oval (at -20.32 1.3) (size 1.7 1.7) (drill 1) (layers *.Cu *.Mask)
      (net 32 /SDA))
    (pad 6 thru_hole oval (at -20.32 3.84) (size 1.7 1.7) (drill 1) (layers *.Cu *.Mask))
    (pad 1 thru_hole rect (at -20.32 -8.86) (size 1.7 1.7) (drill 1) (layers *.Cu *.Mask))
    (pad 7 thru_hole oval (at -20.32 6.38) (size 1.7 1.7) (drill 1) (layers *.Cu *.Mask)
      (net 1 GND))
    (pad 2 thru_hole oval (at -20.32 -6.32) (size 1.7 1.7) (drill 1) (layers *.Cu *.Mask)
      (net 18 /ERR_MOTOR))
    (pad 3 thru_hole oval (at -20.32 -3.78) (size 1.7 1.7) (drill 1) (layers *.Cu *.Mask)
      (net 15 /~RST_MOTOR))
    (model ${KISYS3DMOD}/Connector_PinHeader_2.54mm.3dshapes/PinHeader_1x08_P2.54mm_Vertical.wrl
      (offset (xyz -20.32 8.890000000000001 -1.6))
      (scale (xyz 1 1 1))
      (rotate (xyz 0 180 0))
    )
    (model ${KISYS3DMOD}/Connector_PinHeader_2.54mm.3dshapes/PinHeader_1x08_P2.54mm_Vertical.wrl
      (offset (xyz 16.891 8.890000000000001 -1.6))
      (scale (xyz 1 1 1))
      (rotate (xyz 0 180 0))
    )
    (model ${KISYS3DMOD}/Connector_PinHeader_2.54mm.3dshapes/PinHeader_1x08_P2.54mm_Vertical.wrl
      (offset (xyz -17.78 8.890000000000001 -1.6))
      (scale (xyz 1 1 1))
      (rotate (xyz 0 180 0))
    )
  )

  (module ComponentsEvo:VNH7040AYTR (layer B.Cu) (tedit 638D5AD7) (tstamp 638DC674)
    (at 47 33 180)
    (path /6391A415)
    (fp_text reference U4 (at 0 7 180) (layer B.SilkS)
      (effects (font (size 1 1) (thickness 0.15)) (justify mirror))
    )
    (fp_text value VNH7040AYTR (at 0 -7 180) (layer B.CrtYd)
      (effects (font (size 1 1) (thickness 0.15)) (justify mirror))
    )
    (fp_line (start -3.9243 -5.3721) (end 3.9243 -5.3721) (layer B.SilkS) (width 0.12))
    (fp_line (start 3.9243 -5.3721) (end 3.9243 -4.740539) (layer B.SilkS) (width 0.12))
    (fp_line (start 3.9243 5.3721) (end -3.9243 5.3721) (layer B.SilkS) (width 0.12))
    (fp_line (start -3.9243 5.3721) (end -3.9243 4.740539) (layer B.SilkS) (width 0.12))
    (fp_line (start -3.7973 -5.2451) (end 3.7973 -5.2451) (layer B.Fab) (width 0.1))
    (fp_line (start 3.7973 -5.2451) (end 3.7973 5.2451) (layer B.Fab) (width 0.1))
    (fp_line (start 3.7973 5.2451) (end -3.7973 5.2451) (layer B.Fab) (width 0.1))
    (fp_line (start -3.7973 5.2451) (end -3.7973 -5.2451) (layer B.Fab) (width 0.1))
    (fp_line (start -3.9243 -4.740539) (end -3.9243 -5.3721) (layer B.SilkS) (width 0.12))
    (fp_line (start 3.9243 4.740539) (end 3.9243 5.3721) (layer B.SilkS) (width 0.12))
    (fp_line (start -5.849099 -5.4991) (end -5.849099 5.4991) (layer B.CrtYd) (width 0.05))
    (fp_line (start -5.849099 5.4991) (end 5.849099 5.4991) (layer B.CrtYd) (width 0.05))
    (fp_line (start 5.849099 5.4991) (end 5.849099 -5.4991) (layer B.CrtYd) (width 0.05))
    (fp_line (start 5.849099 -5.4991) (end -5.849099 -5.4991) (layer B.CrtYd) (width 0.05))
    (fp_circle (center -4.8 5) (end -4.7 5) (layer B.SilkS) (width 0.5))
    (fp_circle (center -4.8 5) (end -4.7 5) (layer B.CrtYd) (width 0.5))
    (pad 10 smd rect (at -4.7498 4.249999 180) (size 1.690599 0.3156) (layers B.Cu B.Paste B.Mask)
      (net 47 "Net-(U4-Pad10)"))
    (pad 11 smd rect (at -4.7498 3.75 180) (size 1.690599 0.3156) (layers B.Cu B.Paste B.Mask)
      (net 35 /OUTA))
    (pad 2 smd rect (at -4.7498 3.250001 180) (size 1.690599 0.3156) (layers B.Cu B.Paste B.Mask)
      (net 1 GND))
    (pad 2 smd rect (at -4.7498 2.75 180) (size 1.690599 0.3156) (layers B.Cu B.Paste B.Mask)
      (net 1 GND))
    (pad 2 smd rect (at -4.7498 2.250001 180) (size 1.690599 0.3156) (layers B.Cu B.Paste B.Mask)
      (net 1 GND))
    (pad 2 smd rect (at -4.7498 1.749999 180) (size 1.690599 0.3156) (layers B.Cu B.Paste B.Mask)
      (net 1 GND))
    (pad 2 smd rect (at -4.7498 1.25 180) (size 1.690599 0.3156) (layers B.Cu B.Paste B.Mask)
      (net 1 GND))
    (pad 11 smd rect (at -4.7498 0.750001 180) (size 1.690599 0.3156) (layers B.Cu B.Paste B.Mask)
      (net 35 /OUTA))
    (pad 11 smd rect (at -4.7498 0.25 180) (size 1.690599 0.3156) (layers B.Cu B.Paste B.Mask)
      (net 35 /OUTA))
    (pad 1 smd rect (at -4.7498 -0.25 180) (size 1.690599 0.3156) (layers B.Cu B.Paste B.Mask)
      (net 10 VCC))
    (pad 11 smd rect (at -4.7498 -0.749998 180) (size 1.690599 0.3156) (layers B.Cu B.Paste B.Mask)
      (net 35 /OUTA))
    (pad 11 smd rect (at -4.7498 -1.25 180) (size 1.690599 0.3156) (layers B.Cu B.Paste B.Mask)
      (net 35 /OUTA))
    (pad 11 smd rect (at -4.7498 -1.749999 180) (size 1.690599 0.3156) (layers B.Cu B.Paste B.Mask)
      (net 35 /OUTA))
    (pad 11 smd rect (at -4.7498 -2.250001 180) (size 1.690599 0.3156) (layers B.Cu B.Paste B.Mask)
      (net 35 /OUTA))
    (pad 6 smd rect (at -4.7498 -2.75 180) (size 1.690599 0.3156) (layers B.Cu B.Paste B.Mask)
      (net 46 /SEL0))
    (pad 3 smd rect (at -4.7498 -3.249999 180) (size 1.690599 0.3156) (layers B.Cu B.Paste B.Mask)
      (net 45 /INA))
    (pad 5 smd rect (at -4.7498 -3.75 180) (size 1.690599 0.3156) (layers B.Cu B.Paste B.Mask)
      (net 44 /PWM))
    (pad 10 smd rect (at -4.7498 -4.249999 180) (size 1.690599 0.3156) (layers B.Cu B.Paste B.Mask)
      (net 47 "Net-(U4-Pad10)"))
    (pad 9 smd rect (at 4.7498 -4.249999 180) (size 1.690599 0.3156) (layers B.Cu B.Paste B.Mask)
      (net 28 "Net-(R4-Pad1)"))
    (pad 8 smd rect (at 4.7498 -3.75 180) (size 1.690599 0.3156) (layers B.Cu B.Paste B.Mask)
      (net 43 /MS_EN))
    (pad 4 smd rect (at 4.7498 -3.250001 180) (size 1.690599 0.3156) (layers B.Cu B.Paste B.Mask)
      (net 42 /INB))
    (pad 7 smd rect (at 4.7498 -2.75 180) (size 1.690599 0.3156) (layers B.Cu B.Paste B.Mask)
      (net 41 /SEL1))
    (pad 12 smd rect (at 4.7498 -2.250001 180) (size 1.690599 0.3156) (layers B.Cu B.Paste B.Mask)
      (net 34 /OUTB))
    (pad 12 smd rect (at 4.7498 -1.749999 180) (size 1.690599 0.3156) (layers B.Cu B.Paste B.Mask)
      (net 34 /OUTB))
    (pad 12 smd rect (at 4.7498 -1.25 180) (size 1.690599 0.3156) (layers B.Cu B.Paste B.Mask)
      (net 34 /OUTB))
    (pad 12 smd rect (at 4.7498 -0.750001 180) (size 1.690599 0.3156) (layers B.Cu B.Paste B.Mask)
      (net 34 /OUTB))
    (pad 1 smd rect (at 4.7498 -0.25 180) (size 1.690599 0.3156) (layers B.Cu B.Paste B.Mask)
      (net 10 VCC))
    (pad 12 smd rect (at 4.7498 0.25 180) (size 1.690599 0.3156) (layers B.Cu B.Paste B.Mask)
      (net 34 /OUTB))
    (pad 12 smd rect (at 4.7498 0.749998 180) (size 1.690599 0.3156) (layers B.Cu B.Paste B.Mask)
      (net 34 /OUTB))
    (pad 2 smd rect (at 4.7498 1.25 180) (size 1.690599 0.3156) (layers B.Cu B.Paste B.Mask)
      (net 1 GND))
    (pad 2 smd rect (at 4.7498 1.749999 180) (size 1.690599 0.3156) (layers B.Cu B.Paste B.Mask)
      (net 1 GND))
    (pad 2 smd rect (at 4.7498 2.250001 180) (size 1.690599 0.3156) (layers B.Cu B.Paste B.Mask)
      (net 1 GND))
    (pad 2 smd rect (at 4.7498 2.75 180) (size 1.690599 0.3156) (layers B.Cu B.Paste B.Mask)
      (net 1 GND))
    (pad 2 smd rect (at 4.7498 3.249999 180) (size 1.690599 0.3156) (layers B.Cu B.Paste B.Mask)
      (net 1 GND))
    (pad 12 smd rect (at 4.7498 3.75 180) (size 1.690599 0.3156) (layers B.Cu B.Paste B.Mask)
      (net 34 /OUTB))
    (pad 10 smd rect (at 4.7498 4.249999 180) (size 1.690599 0.3156) (layers B.Cu B.Paste B.Mask)
      (net 47 "Net-(U4-Pad10)"))
    (pad 1 smd rect (at 0 -2.15011 180) (size 5.207 3.5052) (layers B.Cu B.Paste B.Mask)
      (net 10 VCC))
    (pad 11 smd rect (at -1.575054 2.15011 180) (size 2.1082 3.5052) (layers B.Cu B.Paste B.Mask)
      (net 35 /OUTA))
    (pad 12 smd rect (at 1.575054 2.15011 180) (size 2.1082 3.5052) (layers B.Cu B.Paste B.Mask)
      (net 34 /OUTB))
    (model ${LIBELEC}/3D/Components/POWERSSO-36TP_STM.step
      (at (xyz 0 0 0))
      (scale (xyz 1 1 1))
      (rotate (xyz 0 0 0))
    )
  )

  (module Capacitor_SMD:C_0603_1608Metric (layer F.Cu) (tedit 5F68FEEE) (tstamp 638D7DCE)
    (at 108.055001 61.015001)
    (descr "Capacitor SMD 0603 (1608 Metric), square (rectangular) end terminal, IPC_7351 nominal, (Body size source: IPC-SM-782 page 76, https://www.pcb-3d.com/wordpress/wp-content/uploads/ipc-sm-782a_amendment_1_and_2.pdf), generated with kicad-footprint-generator")
    (tags capacitor)
    (path /63830DC7)
    (attr smd)
    (fp_text reference C1 (at 0 -1.43) (layer F.SilkS)
      (effects (font (size 1 1) (thickness 0.15)))
    )
    (fp_text value 47pF (at 0 1.43) (layer F.Fab)
      (effects (font (size 1 1) (thickness 0.15)))
    )
    (fp_line (start -0.8 0.4) (end -0.8 -0.4) (layer F.Fab) (width 0.1))
    (fp_line (start -0.8 -0.4) (end 0.8 -0.4) (layer F.Fab) (width 0.1))
    (fp_line (start 0.8 -0.4) (end 0.8 0.4) (layer F.Fab) (width 0.1))
    (fp_line (start 0.8 0.4) (end -0.8 0.4) (layer F.Fab) (width 0.1))
    (fp_line (start -0.14058 -0.51) (end 0.14058 -0.51) (layer F.SilkS) (width 0.12))
    (fp_line (start -0.14058 0.51) (end 0.14058 0.51) (layer F.SilkS) (width 0.12))
    (fp_line (start -1.48 0.73) (end -1.48 -0.73) (layer F.CrtYd) (width 0.05))
    (fp_line (start -1.48 -0.73) (end 1.48 -0.73) (layer F.CrtYd) (width 0.05))
    (fp_line (start 1.48 -0.73) (end 1.48 0.73) (layer F.CrtYd) (width 0.05))
    (fp_line (start 1.48 0.73) (end -1.48 0.73) (layer F.CrtYd) (width 0.05))
    (fp_text user %R (at 0 0) (layer F.Fab)
      (effects (font (size 0.4 0.4) (thickness 0.06)))
    )
    (pad 1 smd roundrect (at -0.775 0) (size 0.9 0.95) (layers F.Cu F.Paste F.Mask) (roundrect_rratio 0.25)
      (net 1 GND))
    (pad 2 smd roundrect (at 0.775 0) (size 0.9 0.95) (layers F.Cu F.Paste F.Mask) (roundrect_rratio 0.25)
      (net 2 /USB+))
    (model ${KISYS3DMOD}/Capacitor_SMD.3dshapes/C_0603_1608Metric.wrl
      (at (xyz 0 0 0))
      (scale (xyz 1 1 1))
      (rotate (xyz 0 0 0))
    )
  )

  (module Capacitor_SMD:C_0603_1608Metric (layer F.Cu) (tedit 5F68FEEE) (tstamp 638D7DDF)
    (at 116.075001 61.785001)
    (descr "Capacitor SMD 0603 (1608 Metric), square (rectangular) end terminal, IPC_7351 nominal, (Body size source: IPC-SM-782 page 76, https://www.pcb-3d.com/wordpress/wp-content/uploads/ipc-sm-782a_amendment_1_and_2.pdf), generated with kicad-footprint-generator")
    (tags capacitor)
    (path /63831A5F)
    (attr smd)
    (fp_text reference C2 (at 0 -1.43) (layer F.SilkS)
      (effects (font (size 1 1) (thickness 0.15)))
    )
    (fp_text value 47pF (at 0 1.43) (layer F.Fab)
      (effects (font (size 1 1) (thickness 0.15)))
    )
    (fp_line (start -0.8 0.4) (end -0.8 -0.4) (layer F.Fab) (width 0.1))
    (fp_line (start -0.8 -0.4) (end 0.8 -0.4) (layer F.Fab) (width 0.1))
    (fp_line (start 0.8 -0.4) (end 0.8 0.4) (layer F.Fab) (width 0.1))
    (fp_line (start 0.8 0.4) (end -0.8 0.4) (layer F.Fab) (width 0.1))
    (fp_line (start -0.14058 -0.51) (end 0.14058 -0.51) (layer F.SilkS) (width 0.12))
    (fp_line (start -0.14058 0.51) (end 0.14058 0.51) (layer F.SilkS) (width 0.12))
    (fp_line (start -1.48 0.73) (end -1.48 -0.73) (layer F.CrtYd) (width 0.05))
    (fp_line (start -1.48 -0.73) (end 1.48 -0.73) (layer F.CrtYd) (width 0.05))
    (fp_line (start 1.48 -0.73) (end 1.48 0.73) (layer F.CrtYd) (width 0.05))
    (fp_line (start 1.48 0.73) (end -1.48 0.73) (layer F.CrtYd) (width 0.05))
    (fp_text user %R (at 0 0) (layer F.Fab)
      (effects (font (size 0.4 0.4) (thickness 0.06)))
    )
    (pad 1 smd roundrect (at -0.775 0) (size 0.9 0.95) (layers F.Cu F.Paste F.Mask) (roundrect_rratio 0.25)
      (net 3 /USB-))
    (pad 2 smd roundrect (at 0.775 0) (size 0.9 0.95) (layers F.Cu F.Paste F.Mask) (roundrect_rratio 0.25)
      (net 1 GND))
    (model ${KISYS3DMOD}/Capacitor_SMD.3dshapes/C_0603_1608Metric.wrl
      (at (xyz 0 0 0))
      (scale (xyz 1 1 1))
      (rotate (xyz 0 0 0))
    )
  )

  (module Capacitor_SMD:C_0603_1608Metric (layer F.Cu) (tedit 5F68FEEE) (tstamp 638D7DF0)
    (at 138.405001 36.115001)
    (descr "Capacitor SMD 0603 (1608 Metric), square (rectangular) end terminal, IPC_7351 nominal, (Body size source: IPC-SM-782 page 76, https://www.pcb-3d.com/wordpress/wp-content/uploads/ipc-sm-782a_amendment_1_and_2.pdf), generated with kicad-footprint-generator")
    (tags capacitor)
    (path /6382E2D9)
    (attr smd)
    (fp_text reference C3 (at 0 -1.43) (layer F.SilkS)
      (effects (font (size 1 1) (thickness 0.15)))
    )
    (fp_text value 10uF (at 0 1.43) (layer F.Fab)
      (effects (font (size 1 1) (thickness 0.15)))
    )
    (fp_line (start 1.48 0.73) (end -1.48 0.73) (layer F.CrtYd) (width 0.05))
    (fp_line (start 1.48 -0.73) (end 1.48 0.73) (layer F.CrtYd) (width 0.05))
    (fp_line (start -1.48 -0.73) (end 1.48 -0.73) (layer F.CrtYd) (width 0.05))
    (fp_line (start -1.48 0.73) (end -1.48 -0.73) (layer F.CrtYd) (width 0.05))
    (fp_line (start -0.14058 0.51) (end 0.14058 0.51) (layer F.SilkS) (width 0.12))
    (fp_line (start -0.14058 -0.51) (end 0.14058 -0.51) (layer F.SilkS) (width 0.12))
    (fp_line (start 0.8 0.4) (end -0.8 0.4) (layer F.Fab) (width 0.1))
    (fp_line (start 0.8 -0.4) (end 0.8 0.4) (layer F.Fab) (width 0.1))
    (fp_line (start -0.8 -0.4) (end 0.8 -0.4) (layer F.Fab) (width 0.1))
    (fp_line (start -0.8 0.4) (end -0.8 -0.4) (layer F.Fab) (width 0.1))
    (fp_text user %R (at 0 0) (layer F.Fab)
      (effects (font (size 0.4 0.4) (thickness 0.06)))
    )
    (pad 2 smd roundrect (at 0.775 0) (size 0.9 0.95) (layers F.Cu F.Paste F.Mask) (roundrect_rratio 0.25)
      (net 1 GND))
    (pad 1 smd roundrect (at -0.775 0) (size 0.9 0.95) (layers F.Cu F.Paste F.Mask) (roundrect_rratio 0.25)
      (net 4 "Net-(C3-Pad1)"))
    (model ${KISYS3DMOD}/Capacitor_SMD.3dshapes/C_0603_1608Metric.wrl
      (at (xyz 0 0 0))
      (scale (xyz 1 1 1))
      (rotate (xyz 0 0 0))
    )
  )

  (module Capacitor_SMD:C_0603_1608Metric (layer F.Cu) (tedit 5F68FEEE) (tstamp 638D7E01)
    (at 138.405001 38.625001)
    (descr "Capacitor SMD 0603 (1608 Metric), square (rectangular) end terminal, IPC_7351 nominal, (Body size source: IPC-SM-782 page 76, https://www.pcb-3d.com/wordpress/wp-content/uploads/ipc-sm-782a_amendment_1_and_2.pdf), generated with kicad-footprint-generator")
    (tags capacitor)
    (path /63E1C4D9)
    (attr smd)
    (fp_text reference C4 (at 0 -1.43) (layer F.SilkS)
      (effects (font (size 1 1) (thickness 0.15)))
    )
    (fp_text value 10uF (at 0 1.43) (layer F.Fab)
      (effects (font (size 1 1) (thickness 0.15)))
    )
    (fp_line (start 1.48 0.73) (end -1.48 0.73) (layer F.CrtYd) (width 0.05))
    (fp_line (start 1.48 -0.73) (end 1.48 0.73) (layer F.CrtYd) (width 0.05))
    (fp_line (start -1.48 -0.73) (end 1.48 -0.73) (layer F.CrtYd) (width 0.05))
    (fp_line (start -1.48 0.73) (end -1.48 -0.73) (layer F.CrtYd) (width 0.05))
    (fp_line (start -0.14058 0.51) (end 0.14058 0.51) (layer F.SilkS) (width 0.12))
    (fp_line (start -0.14058 -0.51) (end 0.14058 -0.51) (layer F.SilkS) (width 0.12))
    (fp_line (start 0.8 0.4) (end -0.8 0.4) (layer F.Fab) (width 0.1))
    (fp_line (start 0.8 -0.4) (end 0.8 0.4) (layer F.Fab) (width 0.1))
    (fp_line (start -0.8 -0.4) (end 0.8 -0.4) (layer F.Fab) (width 0.1))
    (fp_line (start -0.8 0.4) (end -0.8 -0.4) (layer F.Fab) (width 0.1))
    (fp_text user %R (at 0 0) (layer F.Fab)
      (effects (font (size 0.4 0.4) (thickness 0.06)))
    )
    (pad 2 smd roundrect (at 0.775 0) (size 0.9 0.95) (layers F.Cu F.Paste F.Mask) (roundrect_rratio 0.25)
      (net 1 GND))
    (pad 1 smd roundrect (at -0.775 0) (size 0.9 0.95) (layers F.Cu F.Paste F.Mask) (roundrect_rratio 0.25)
      (net 5 +3V3))
    (model ${KISYS3DMOD}/Capacitor_SMD.3dshapes/C_0603_1608Metric.wrl
      (at (xyz 0 0 0))
      (scale (xyz 1 1 1))
      (rotate (xyz 0 0 0))
    )
  )

  (module Capacitor_SMD:C_0603_1608Metric (layer F.Cu) (tedit 5F68FEEE) (tstamp 638D7E12)
    (at 131.865001 42.845001)
    (descr "Capacitor SMD 0603 (1608 Metric), square (rectangular) end terminal, IPC_7351 nominal, (Body size source: IPC-SM-782 page 76, https://www.pcb-3d.com/wordpress/wp-content/uploads/ipc-sm-782a_amendment_1_and_2.pdf), generated with kicad-footprint-generator")
    (tags capacitor)
    (path /639F0C6A)
    (attr smd)
    (fp_text reference C5 (at 0 -1.43) (layer F.SilkS)
      (effects (font (size 1 1) (thickness 0.15)))
    )
    (fp_text value 18pF (at 0 1.43) (layer F.Fab)
      (effects (font (size 1 1) (thickness 0.15)))
    )
    (fp_line (start 1.48 0.73) (end -1.48 0.73) (layer F.CrtYd) (width 0.05))
    (fp_line (start 1.48 -0.73) (end 1.48 0.73) (layer F.CrtYd) (width 0.05))
    (fp_line (start -1.48 -0.73) (end 1.48 -0.73) (layer F.CrtYd) (width 0.05))
    (fp_line (start -1.48 0.73) (end -1.48 -0.73) (layer F.CrtYd) (width 0.05))
    (fp_line (start -0.14058 0.51) (end 0.14058 0.51) (layer F.SilkS) (width 0.12))
    (fp_line (start -0.14058 -0.51) (end 0.14058 -0.51) (layer F.SilkS) (width 0.12))
    (fp_line (start 0.8 0.4) (end -0.8 0.4) (layer F.Fab) (width 0.1))
    (fp_line (start 0.8 -0.4) (end 0.8 0.4) (layer F.Fab) (width 0.1))
    (fp_line (start -0.8 -0.4) (end 0.8 -0.4) (layer F.Fab) (width 0.1))
    (fp_line (start -0.8 0.4) (end -0.8 -0.4) (layer F.Fab) (width 0.1))
    (fp_text user %R (at 0 0) (layer F.Fab)
      (effects (font (size 0.4 0.4) (thickness 0.06)))
    )
    (pad 2 smd roundrect (at 0.775 0) (size 0.9 0.95) (layers F.Cu F.Paste F.Mask) (roundrect_rratio 0.25)
      (net 6 "Net-(C5-Pad2)"))
    (pad 1 smd roundrect (at -0.775 0) (size 0.9 0.95) (layers F.Cu F.Paste F.Mask) (roundrect_rratio 0.25)
      (net 1 GND))
    (model ${KISYS3DMOD}/Capacitor_SMD.3dshapes/C_0603_1608Metric.wrl
      (at (xyz 0 0 0))
      (scale (xyz 1 1 1))
      (rotate (xyz 0 0 0))
    )
  )

  (module Capacitor_SMD:C_0603_1608Metric (layer F.Cu) (tedit 5F68FEEE) (tstamp 638D7E23)
    (at 127.055001 48.355001)
    (descr "Capacitor SMD 0603 (1608 Metric), square (rectangular) end terminal, IPC_7351 nominal, (Body size source: IPC-SM-782 page 76, https://www.pcb-3d.com/wordpress/wp-content/uploads/ipc-sm-782a_amendment_1_and_2.pdf), generated with kicad-footprint-generator")
    (tags capacitor)
    (path /63A2896B)
    (attr smd)
    (fp_text reference C6 (at 0 -1.43) (layer F.SilkS)
      (effects (font (size 1 1) (thickness 0.15)))
    )
    (fp_text value 18pF (at 0 1.43) (layer F.Fab)
      (effects (font (size 1 1) (thickness 0.15)))
    )
    (fp_line (start -0.8 0.4) (end -0.8 -0.4) (layer F.Fab) (width 0.1))
    (fp_line (start -0.8 -0.4) (end 0.8 -0.4) (layer F.Fab) (width 0.1))
    (fp_line (start 0.8 -0.4) (end 0.8 0.4) (layer F.Fab) (width 0.1))
    (fp_line (start 0.8 0.4) (end -0.8 0.4) (layer F.Fab) (width 0.1))
    (fp_line (start -0.14058 -0.51) (end 0.14058 -0.51) (layer F.SilkS) (width 0.12))
    (fp_line (start -0.14058 0.51) (end 0.14058 0.51) (layer F.SilkS) (width 0.12))
    (fp_line (start -1.48 0.73) (end -1.48 -0.73) (layer F.CrtYd) (width 0.05))
    (fp_line (start -1.48 -0.73) (end 1.48 -0.73) (layer F.CrtYd) (width 0.05))
    (fp_line (start 1.48 -0.73) (end 1.48 0.73) (layer F.CrtYd) (width 0.05))
    (fp_line (start 1.48 0.73) (end -1.48 0.73) (layer F.CrtYd) (width 0.05))
    (fp_text user %R (at 0 0) (layer F.Fab)
      (effects (font (size 0.4 0.4) (thickness 0.06)))
    )
    (pad 1 smd roundrect (at -0.775 0) (size 0.9 0.95) (layers F.Cu F.Paste F.Mask) (roundrect_rratio 0.25)
      (net 1 GND))
    (pad 2 smd roundrect (at 0.775 0) (size 0.9 0.95) (layers F.Cu F.Paste F.Mask) (roundrect_rratio 0.25)
      (net 7 "Net-(C6-Pad2)"))
    (model ${KISYS3DMOD}/Capacitor_SMD.3dshapes/C_0603_1608Metric.wrl
      (at (xyz 0 0 0))
      (scale (xyz 1 1 1))
      (rotate (xyz 0 0 0))
    )
  )

  (module Capacitor_SMD:C_0603_1608Metric (layer F.Cu) (tedit 5F68FEEE) (tstamp 638D7E34)
    (at 127.855001 42.845001)
    (descr "Capacitor SMD 0603 (1608 Metric), square (rectangular) end terminal, IPC_7351 nominal, (Body size source: IPC-SM-782 page 76, https://www.pcb-3d.com/wordpress/wp-content/uploads/ipc-sm-782a_amendment_1_and_2.pdf), generated with kicad-footprint-generator")
    (tags capacitor)
    (path /63E1D4CB)
    (attr smd)
    (fp_text reference C7 (at 0 -1.43) (layer F.SilkS)
      (effects (font (size 1 1) (thickness 0.15)))
    )
    (fp_text value 100nF (at 0 1.43) (layer F.Fab)
      (effects (font (size 1 1) (thickness 0.15)))
    )
    (fp_line (start 1.48 0.73) (end -1.48 0.73) (layer F.CrtYd) (width 0.05))
    (fp_line (start 1.48 -0.73) (end 1.48 0.73) (layer F.CrtYd) (width 0.05))
    (fp_line (start -1.48 -0.73) (end 1.48 -0.73) (layer F.CrtYd) (width 0.05))
    (fp_line (start -1.48 0.73) (end -1.48 -0.73) (layer F.CrtYd) (width 0.05))
    (fp_line (start -0.14058 0.51) (end 0.14058 0.51) (layer F.SilkS) (width 0.12))
    (fp_line (start -0.14058 -0.51) (end 0.14058 -0.51) (layer F.SilkS) (width 0.12))
    (fp_line (start 0.8 0.4) (end -0.8 0.4) (layer F.Fab) (width 0.1))
    (fp_line (start 0.8 -0.4) (end 0.8 0.4) (layer F.Fab) (width 0.1))
    (fp_line (start -0.8 -0.4) (end 0.8 -0.4) (layer F.Fab) (width 0.1))
    (fp_line (start -0.8 0.4) (end -0.8 -0.4) (layer F.Fab) (width 0.1))
    (fp_text user %R (at 0 0) (layer F.Fab)
      (effects (font (size 0.4 0.4) (thickness 0.06)))
    )
    (pad 2 smd roundrect (at 0.775 0) (size 0.9 0.95) (layers F.Cu F.Paste F.Mask) (roundrect_rratio 0.25)
      (net 1 GND))
    (pad 1 smd roundrect (at -0.775 0) (size 0.9 0.95) (layers F.Cu F.Paste F.Mask) (roundrect_rratio 0.25)
      (net 5 +3V3))
    (model ${KISYS3DMOD}/Capacitor_SMD.3dshapes/C_0603_1608Metric.wrl
      (at (xyz 0 0 0))
      (scale (xyz 1 1 1))
      (rotate (xyz 0 0 0))
    )
  )

  (module Capacitor_SMD:C_0603_1608Metric (layer F.Cu) (tedit 5F68FEEE) (tstamp 638D7E45)
    (at 138.405001 33.605001)
    (descr "Capacitor SMD 0603 (1608 Metric), square (rectangular) end terminal, IPC_7351 nominal, (Body size source: IPC-SM-782 page 76, https://www.pcb-3d.com/wordpress/wp-content/uploads/ipc-sm-782a_amendment_1_and_2.pdf), generated with kicad-footprint-generator")
    (tags capacitor)
    (path /63812C30)
    (attr smd)
    (fp_text reference C8 (at 0 -1.43) (layer F.SilkS)
      (effects (font (size 1 1) (thickness 0.15)))
    )
    (fp_text value 1uF (at 0 1.43) (layer F.Fab)
      (effects (font (size 1 1) (thickness 0.15)))
    )
    (fp_line (start 1.48 0.73) (end -1.48 0.73) (layer F.CrtYd) (width 0.05))
    (fp_line (start 1.48 -0.73) (end 1.48 0.73) (layer F.CrtYd) (width 0.05))
    (fp_line (start -1.48 -0.73) (end 1.48 -0.73) (layer F.CrtYd) (width 0.05))
    (fp_line (start -1.48 0.73) (end -1.48 -0.73) (layer F.CrtYd) (width 0.05))
    (fp_line (start -0.14058 0.51) (end 0.14058 0.51) (layer F.SilkS) (width 0.12))
    (fp_line (start -0.14058 -0.51) (end 0.14058 -0.51) (layer F.SilkS) (width 0.12))
    (fp_line (start 0.8 0.4) (end -0.8 0.4) (layer F.Fab) (width 0.1))
    (fp_line (start 0.8 -0.4) (end 0.8 0.4) (layer F.Fab) (width 0.1))
    (fp_line (start -0.8 -0.4) (end 0.8 -0.4) (layer F.Fab) (width 0.1))
    (fp_line (start -0.8 0.4) (end -0.8 -0.4) (layer F.Fab) (width 0.1))
    (fp_text user %R (at 0 0) (layer F.Fab)
      (effects (font (size 0.4 0.4) (thickness 0.06)))
    )
    (pad 2 smd roundrect (at 0.775 0) (size 0.9 0.95) (layers F.Cu F.Paste F.Mask) (roundrect_rratio 0.25)
      (net 1 GND))
    (pad 1 smd roundrect (at -0.775 0) (size 0.9 0.95) (layers F.Cu F.Paste F.Mask) (roundrect_rratio 0.25)
      (net 8 "Net-(C8-Pad1)"))
    (model ${KISYS3DMOD}/Capacitor_SMD.3dshapes/C_0603_1608Metric.wrl
      (at (xyz 0 0 0))
      (scale (xyz 1 1 1))
      (rotate (xyz 0 0 0))
    )
  )

  (module Capacitor_SMD:C_0603_1608Metric (layer F.Cu) (tedit 5F68FEEE) (tstamp 638D7E56)
    (at 140.135001 30.215001)
    (descr "Capacitor SMD 0603 (1608 Metric), square (rectangular) end terminal, IPC_7351 nominal, (Body size source: IPC-SM-782 page 76, https://www.pcb-3d.com/wordpress/wp-content/uploads/ipc-sm-782a_amendment_1_and_2.pdf), generated with kicad-footprint-generator")
    (tags capacitor)
    (path /63E3E756)
    (attr smd)
    (fp_text reference C9 (at 0 -1.43) (layer F.SilkS)
      (effects (font (size 1 1) (thickness 0.15)))
    )
    (fp_text value 100nF (at 0 1.43) (layer F.Fab)
      (effects (font (size 1 1) (thickness 0.15)))
    )
    (fp_line (start 1.48 0.73) (end -1.48 0.73) (layer F.CrtYd) (width 0.05))
    (fp_line (start 1.48 -0.73) (end 1.48 0.73) (layer F.CrtYd) (width 0.05))
    (fp_line (start -1.48 -0.73) (end 1.48 -0.73) (layer F.CrtYd) (width 0.05))
    (fp_line (start -1.48 0.73) (end -1.48 -0.73) (layer F.CrtYd) (width 0.05))
    (fp_line (start -0.14058 0.51) (end 0.14058 0.51) (layer F.SilkS) (width 0.12))
    (fp_line (start -0.14058 -0.51) (end 0.14058 -0.51) (layer F.SilkS) (width 0.12))
    (fp_line (start 0.8 0.4) (end -0.8 0.4) (layer F.Fab) (width 0.1))
    (fp_line (start 0.8 -0.4) (end 0.8 0.4) (layer F.Fab) (width 0.1))
    (fp_line (start -0.8 -0.4) (end 0.8 -0.4) (layer F.Fab) (width 0.1))
    (fp_line (start -0.8 0.4) (end -0.8 -0.4) (layer F.Fab) (width 0.1))
    (fp_text user %R (at 0 0) (layer F.Fab)
      (effects (font (size 0.4 0.4) (thickness 0.06)))
    )
    (pad 2 smd roundrect (at 0.775 0) (size 0.9 0.95) (layers F.Cu F.Paste F.Mask) (roundrect_rratio 0.25)
      (net 1 GND))
    (pad 1 smd roundrect (at -0.775 0) (size 0.9 0.95) (layers F.Cu F.Paste F.Mask) (roundrect_rratio 0.25)
      (net 5 +3V3))
    (model ${KISYS3DMOD}/Capacitor_SMD.3dshapes/C_0603_1608Metric.wrl
      (at (xyz 0 0 0))
      (scale (xyz 1 1 1))
      (rotate (xyz 0 0 0))
    )
  )

  (module Capacitor_SMD:C_0603_1608Metric (layer F.Cu) (tedit 5F68FEEE) (tstamp 638D7E67)
    (at 116.915001 54.255001)
    (descr "Capacitor SMD 0603 (1608 Metric), square (rectangular) end terminal, IPC_7351 nominal, (Body size source: IPC-SM-782 page 76, https://www.pcb-3d.com/wordpress/wp-content/uploads/ipc-sm-782a_amendment_1_and_2.pdf), generated with kicad-footprint-generator")
    (tags capacitor)
    (path /63E1C9C6)
    (attr smd)
    (fp_text reference C10 (at 0 -1.43) (layer F.SilkS)
      (effects (font (size 1 1) (thickness 0.15)))
    )
    (fp_text value 10nF (at 0 1.43) (layer F.Fab)
      (effects (font (size 1 1) (thickness 0.15)))
    )
    (fp_line (start -0.8 0.4) (end -0.8 -0.4) (layer F.Fab) (width 0.1))
    (fp_line (start -0.8 -0.4) (end 0.8 -0.4) (layer F.Fab) (width 0.1))
    (fp_line (start 0.8 -0.4) (end 0.8 0.4) (layer F.Fab) (width 0.1))
    (fp_line (start 0.8 0.4) (end -0.8 0.4) (layer F.Fab) (width 0.1))
    (fp_line (start -0.14058 -0.51) (end 0.14058 -0.51) (layer F.SilkS) (width 0.12))
    (fp_line (start -0.14058 0.51) (end 0.14058 0.51) (layer F.SilkS) (width 0.12))
    (fp_line (start -1.48 0.73) (end -1.48 -0.73) (layer F.CrtYd) (width 0.05))
    (fp_line (start -1.48 -0.73) (end 1.48 -0.73) (layer F.CrtYd) (width 0.05))
    (fp_line (start 1.48 -0.73) (end 1.48 0.73) (layer F.CrtYd) (width 0.05))
    (fp_line (start 1.48 0.73) (end -1.48 0.73) (layer F.CrtYd) (width 0.05))
    (fp_text user %R (at 0 0) (layer F.Fab)
      (effects (font (size 0.4 0.4) (thickness 0.06)))
    )
    (pad 1 smd roundrect (at -0.775 0) (size 0.9 0.95) (layers F.Cu F.Paste F.Mask) (roundrect_rratio 0.25)
      (net 5 +3V3))
    (pad 2 smd roundrect (at 0.775 0) (size 0.9 0.95) (layers F.Cu F.Paste F.Mask) (roundrect_rratio 0.25)
      (net 1 GND))
    (model ${KISYS3DMOD}/Capacitor_SMD.3dshapes/C_0603_1608Metric.wrl
      (at (xyz 0 0 0))
      (scale (xyz 1 1 1))
      (rotate (xyz 0 0 0))
    )
  )

